     Columns 1,2,3

                         26 90122   51700   94260
                         22 92964   87017   48031
                         19 14713   50033   35203
                         13 39417   23113   95340
                         12 71596   88135   94728
                          9 54542   36458   20353
                          9 40882   62457   30444
                          8 42417   13972   13451
                          7 53632   19196   22641
                          7 16700   90562   27115
				
     Columns  2,3,4

                         26 51700   94260   47447
                         22 87017   48031   5363
                         19 50033   35203   19151
                         13 23113   95340   21672
                         12 88135   94728   60177
                          9 62457   30444   3533
                          9 36458   20353   10487
                          8 13972   13451   43114
                          7 90562   27115   31587
                          7 19196   22641   44466

     Columns 3,4,5

                         26 94260   47447   73601
                         22 48031   5363    89548
                         19 35203   19151   50485
                         13 95340   21672   11880
                         12 94728   60177   41017
                          9 30444   3533    80563
                          9 20353   10487   2828
                          8 13451   43114   39987
                          7 27115   31587   60535
                          7 22641   44466   92491

     Columns 1,3,4

                         26 90122   94260   47447
                         22 92964   48031   5363
                         19 14713   35203   19151
                         13 39417   95340   21672
                         12 71596   94728   60177
                          9 54542   20353   10487
                          9 40882   30444   3533
                          8 42417   13451   43114
                          7 53632   22641   44466
                          7 16700   27115   31587

     Columns 1,4,5

                         26 90122   47447   73601
                         22 92964   5363    89548
                         19 14713   19151   50485
                         13 39417   21672   11880
                         12 71596   60177   41017
                          9 54542   10487   2828
                          9 40882   3533    80563
                          8 42417   43114   39987
                          7 53632   44466   92491
                          7 16700   31587   60535

     Columns 1,3,5

                         26 90122   94260   73601
                         22 92964   48031   89548
                         19 14713   35203   50485
                         13 39417   95340   11880
                         12 71596   94728   41017
                          9 54542   20353   2828
                          9 40882   30444   80563
                          8 42417   13451   39987
                          7 53632   22641   92491
                          7 16700   27115   60535

     Columns 2,4,5

                         26 51700   47447   73601
                         22 87017   5363    89548
                         19 50033   19151   50485
                         13 23113   21672   11880
                         12 88135   60177   41017
                          9 62457   3533    80563
                          9 36458   10487   2828
                          8 13972   43114   39987
                          7 90562   31587   60535
                          7 19196   44466   92491