95719   
4906    
63261   
20727   
8355    
1452    
88066   
35963   
60127   
78637   
82815   
78073   
60805   
15132   
30067   
53107   
34738   
34889   
61769   
86810   
64745   
75683   
9077    
68116   
73130   
55721   
53107   
34478   
34756   
84864   
67163   
87516   
9077    
20727   
44430   
66234   
60805   
38972   
54166   
20028   
38561   
43277   
48549   
66789   
34386   
43241   
50510   
79821   
28859   
7560    
17012   
18397   
92960   
16974   
466     
25161   
98081   
32601   
87439   
38972   
21157   
87516   
35442   
40928   
90408   
96400   
48886   
48158   
73083   
85504   
23312   
87439   
35288   
32555   
21445   
9760    
51519   
69332   
23460   
28273   
46241   
39818   
39228   
91206   
9312    
60805   
9077    
15126   
17659   
26023   
93463   
73615   
21900   
31861   
24115   
32601   
73126   
76122   
50141   
84138   
88772   
69486   
11792   
87439   
23460   
24792   
93964   
62190   
90822   
14240   
9312    
98081   
45464   
76706   
65781   
54848   
88126   
13783   
46704   
89211   
18915   
33503   
80825   
63128   
21188   
34606   
34478   
34478   
81273   
41342   
20727   
58738   
34615   
41476   
28507   
57508   
40179   
88015   
34478   
92311   
91206   
29462   
52141   
44752   
2707    
87439   
17641   
5933    
78162   
62483   
58308   
46492   
39818   
24115   
41013   
88126   
65150   
12547   
34386   
37385   
48157   
15471   
38561   
78742   
47998   
14518   
98030   
75517   
12802   
21385   
34478   
28556   
2945    
67873   
51950   
6746    
27949   
78649   
68140   
68140   
63128   
30233   
96808   
36595   
45692   
93966   
87516   
98081   
96400   
98864   
2945    
24975   
42564   
71104   
87593   
16658   
9760    
1324    
24646   
35897   
54429   
60805   
92252   
62483   
34478   
32475   
46241   
94552   
54848   
85925   
49685   
34478   
34478   
46393   
11312   
37672   
20727   
41387   
78742   
97651   
18968   
18915   
35291   
83271   
34478   
18902   
2378    
90055   
78742   
17330   
75015   
4165    
88978   
93966   
91270   
34756   
78760   
96400   
75015   
16017   
89173   
86610   
98361   
62483   
88179   
85765   
6265    
55879   
94892   
31046   
63370   
4930    
34478   
70692   
65877   
88978   
2216    
26500   
30335   
82145   
87439   
96538   
7285    
73165   
34478   
32078   
28822   
65152   
49480   
91168   
13382   
28822   
9077    
74878   
27894   
56788   
18653   
46663   
55334   
40179   
49064   
90361   
34153   
86610   
95661   
90360   
76812   
47557   
80611   
40928   
29642   
12308   
21164   
91525   
17881   
74728   
87295   
95661   
87439   
36499   
23008   
96400   
63261   
20727   
34478   
63261   
41963   
91701   
87439   
35442   
73165   
39858   
44939   
32305   
60805   
34478   
34478   
29219   
69990   
24553   
26069   
991     
62659   
90336   
12547   
35897   
682     
41963   
65178   
16451   
11078   
97960   
24553   
29479   
18762   
4111    
34478   
20727   
78722   
87439   
95474   
85504   
85504   
31146   
98081   
93334   
91270   
73452   
64429   
82145   
28507   
55792   
2945    
72691   
32476   
8987    
3804    
17588   
3363    
82066   
60187   
80092   
32483   
71580   
34478   
73165   
35782   
67443   
49976   
24553   
4683    
64999   
64429   
38400   
66124   
29970   
89625   
24646   
20639   
93656   
96400   
40928   
34478   
98361   
69486   
62190   
34478   
38561   
49174   
84325   
82956   
33388   
96672   
26067   
34478   
91168   
78272   
34478   
52889   
41546   
63128   
90727   
82066   
74964   
96400   
12372   
20727   
20001   
69489   
3156    
82786   
34478   
91006   
2216    
49174   
56788   
64456   
39194   
31006   
34478   
23818   
60805   
45924   
40520   
40788   
34478   
11383   
77109   
34478   
84387   
85816   
67989   
54172   
71925   
90408   
16871   
30187   
4846    
73165   
20727   
26080   
92757   
24054   
55083   
24124   
87439   
34478   
36781   
11224   
11338   
26080   
94334   
57820   
74200   
52098   
73164   
62730   
13981   
34478   
86140   
92417   
84798   
32777   
68116   
54513   
63261   
60805   
41963   
9495    
34478   
10715   
77299   
85504   
87439   
34756   
80825   
48572   
87439   
42844   
34478   
90408   
86116   
16300   
18915   
90408   
8355    
6604    
5385    
98324   
99492   
93028   
63261   
28772   
71426   
98749   
52079   
54848   
71580   
90408   
62190   
10492   
1082    
90336   
22455   
25636   
15209   
991     
22372   
60805   
14240   
49056   
13234   
53107   
89625   
31712   
98081   
47296   
12083   
87516   
90408   
34665   
65270   
26364   
47998   
34478   
22029   
60805   
15995   
78637   
2557    
38242   
34386   
41013   
38400   
63261   
33799   
4319    
32894   
89625   
55713   
64816   
96808   
90336   
35694   
69576   
63261   
466     
34478   
60805   
93828   
70152   
33710   
14240   
8179    
49364   
26341   
9077    
77109   
7038    
98081   
21589   
53130   
39362   
32317   
35390   
34478   
49336   
3363    
83271   
67572   
80951   
37229   
52171   
44569   
37763   
28966   
31719   
25307   
35442   
3479    
80911   
33229   
80846   
88126   
58808   
20288   
93028   
29479   
27949   
87439   
29642   
49343   
59013   
23785   
73130   
14220   
90408   
3490    
41013   
32305   
65275   
43241   
29642   
9340    
11312   
52141   
21445   
24792   
60805   
75566   
29933   
82278   
90361   
84901   
98522   
44030   
96808   
38400   
34478   
63261   
96808   
28822   
65275   
34478   
29617   
41257   
19832   
29642   
80092   
9077    
73822   
3368    
55717   
51249   
19548   
49064   
12058   
94701   
69456   
74686   
80911   
65275   
3468    
60805   
80911   
9995    
29479   
8179    
51255   
21958   
7284    
15209   
3156    
80911   
68072   
46241   
60182   
34843   
84122   
76128   
61752   
30860   
21589   
67048   
90408   
96808   
46110   
56078   
12987   
31096   
71728   
58860   
28556   
41963   
60805   
46559   
33727   
38561   
49343   
20727   
95661   
9732    
73615   
51249   
19924   
43108   
991     
40878   
3649    
47998   
68513   
38771   
71259   
80979   
98361   
12487   
64441   
13364   
20521   
99603   
48896   
96672   
79691   
92766   
22725   
39655   
40056   
43603   
92417   
69938   
69071   
54429   
43840   
1324    
7560    
26069   
93966   
31712   
38561   
29642   
15343   
91270   
65275   
95423   
12512   
52098   
78356   
87904   
47296   
35291   
92381   
48057   
45692   
30273   
69990   
21445   
1324    
20727   
76812   
85570   
57120   
80979   
70907   
3280    
36426   
44052   
9305    
39106   
41013   
93828   
5761    
51249   
65275   
22747   
89625   
86679   
2948    
90408   
34478   
23818   
7560    
84252   
88978   
66447   
29326   
39360   
87439   
54213   
67989   
14053   
30257   
991     
38400   
70925   
23460   
62483   
84897   
77299   
88126   
64367   
9077    
93966   
7445    
92086   
67989   
20727   
565     
34478   
14240   
49480   
41013   
17012   
38714   
28024   
55162   
64281   
93967   
54172   
11792   
50211   
91206   
11890   
29642   
75015   
82192   
65275   
274     
16512   
86610   
17012   
62190   
86610   
33671   
29479   
15209   
94552   
47029   
64660   
44143   
24553   
65505   
23456   
63128   
69990   
72282   
29686   
28151   
79334   
30187   
35963   
14240   
88179   
86610   
88066   
43032   
12058   
34394   
70925   
32140   
47114   
47351   
22372   
34478   
67989   
90822   
71060   
34478   
96400   
32894   
76706   
59325   
30067   
83832   
64660   
5933    
86611   
58080   
86610   
60805   
30067   
15777   
74420   
94116   
81010   
2948    
22745   
68140   
97460   
53685   
86367   
34478   
9312    
88444   
18762   
41144   
52394   
78637   
14240   
18688   
11078   
25161   
95482   
56860   
39877   
63128   
71580   
73165   
93964   
5933    
20727   
56189   
42733   
43897   
85504   
41317   
91006   
98361   
7263    
91168   
2140    
55154   
40495   
11405   
75015   
32615   
3030    
29366   
39939   
35586   
44430   
94116   
28507   
24553   
87439   
97460   
68856   
58808   
9312    
67989   
19062   
51255   
20727   
75015   
565     
53107   
70753   
3030    
34960   
76812   
62658   
93343   
7560    
7939    
93966   
31006   
96400   
90336   
91049   
47751   
48164   
31096   
28556   
53605   
73615   
60805   
45692   
97460   
19494   
73738   
34478   
4930    
56893   
33393   
62190   
98597   
60805   
86367   
21393   
48157   
24823   
46492   
68856   
58466   
60805   
27096   
92381   
59283   
466     
46110   
9077    
34478   
49064   
18915   
73678   
80846   
49064   
89827   
43957   
65275   
95734   
59294   
18915   
93966   
50004   
11908   
63592   
73130   
87743   
90852   
87439   
7560    
9199    
53066   
13745   
24553   
62860   
26246   
97960   
92417   
29479   