14778   92069   
91161   36882   
87373   48114   
41251   1433    
1158    54789   
26184   73885   
61095   25257   
37152   3392    
28214   3942    
9583    21765   
83979   92646   
16017   55606   
45685   56635   
61313   17694   
33610   23358   
83979   92646   
71960   33761   
61576   60054   
9471    62322   
2643    10346   
83979   92646   
83979   92646   
75215   20098   
61095   25257   
61206   57380   
77085   5165    
78136   86918   
90925   60344   
15065   76014   
59201   92815   
1409    31492   
93293   71489   
42716   26227   
40920   55051   
41730   84871   
50035   18472   
34966   35063   
83979   92646   
66726   34797   
36030   23269   
20400   64830   
83979   92646   
72560   53160   
52871   41714   
22660   29181   
26258   95600   
99625   32867   
57553   88651   
49121   54832   
55690   90375   
12602   45274   
36297   50398   
60844   85408   
6426    41291   
45851   39468   
83509   54145   
40972   21633   
79548   45929   
29641   53728   
52871   41714   
65353   69674   
88552   42786   
70878   78362   
64499   60714   
17311   44948   
93293   71489   
15065   76014   
32553   51683   
34206   52436   
16627   4668    
3818    92527   
10843   10957   
83979   92646   
91103   5194    
70654   50701   
15065   76014   
35498   53431   
15065   76014   
54866   53848   
57553   88651   
71960   33761   
8519    5376    
15065   76014   
54444   70117   
14882   55911   
19525   39128   
85566   37402   
58884   96893   
30575   77372   
30560   99643   
73217   69466   
59969   46674   
67965   94402   
85566   37402   
91022   54823   
26875   83494   
16996   72247   
40972   21633   
40972   21633   
3290    49559   
33688   53136   
42115   54449   
83979   92646   
10176   14598   
46369   45065   
71656   81451   
39586   53450   
83214   11578   
26439   49261   
28014   5943    
73649   48560   
74051   90601   
37283   70533   
49387   77130   
49138   98507   
51317   69309   
83016   14813   
16593   94127   
12879   37302   
68230   27125   
53077   3623    
99410   39611   
19069   83281   
57498   80011   
46369   45065   
84315   82254   
38686   45874   
11633   91999   
26401   20819   
94868   73735   
34959   76219   
83979   92646   
34959   76219   
77910   42880   
33637   75067   
26184   73885   
99625   32867   
42094   79284   
62244   92888   
59093   39263   
83979   92646   
35672   99607   
81825   68685   
45055   90578   
58975   9128    
17898   63536   
26469   97098   
81333   20521   
68259   80782   
50343   89931   
5943    91975   
38803   62283   
94665   60316   
95794   75678   
15065   76014   
44263   53933   
38255   8935    
46369   45065   
46369   45065   
98440   52845   
14882   55911   
14865   99727   
6977    22065   
42088   33315   
17717   62071   
48891   84829   
21274   41786   
83979   92646   
14778   92069   
83979   92646   
909     60353   
20856   76348   
23031   37792   
14778   92069   
99625   32867   
71656   81451   
39028   65329   
39544   85167   
17735   44420   
65804   77563   
98415   20718   
53486   45387   
80358   86185   
74758   16754   
41037   31652   
92778   47922   
91103   5194    
33      64101   
53077   3623    
88759   29017   
6302    2676    
16570   9729    
96231   85103   
25504   87365   
51968   26957   
83979   92646   
48891   84829   
57388   93188   
54644   30751   
69461   26951   
8277    42548   
46369   45065   
4185    87275   
13205   77131   
97014   2097    
6353    91977   
10176   14598   
46192   61337   
83979   92646   
62914   27044   
87059   61531   
40972   21633   
89849   73895   
22113   23289   
50415   52261   
72243   7395    
70373   26975   
94673   79686   
85840   6196    
16476   11970   
84818   77342   
26540   7935    
15065   76014   
85566   37402   
94673   79686   
65033   28550   
23713   61745   
86473   39525   
89664   94593   
71291   13253   
96886   96149   
50157   3196    
6353    91977   
38243   38359   
92083   65564   
86943   89382   
41506   44094   
35498   53431   
22318   41196   
94612   75679   
52607   10274   
36403   24973   
16469   76818   
15065   76014   
34885   9922    
91103   5194    
40972   21633   
37127   56331   
53751   73832   
97786   46723   
57963   94375   
81838   17825   
93293   71489   
69632   25688   
96164   98540   
83979   92646   
59018   48926   
87553   5469    
10816   27669   
99625   32867   
20346   11239   
45055   90578   
83979   92646   
29477   23499   
83979   92646   
9292    79433   
99625   32867   
62519   53755   
60155   38318   
83979   92646   
29641   53728   
94123   46468   
55692   30383   
6321    32391   
22393   3998    
37152   3392    
60883   96029   
64791   81970   
62969   92282   
10176   14598   
2571    17278   
52607   10274   
26456   71029   
29919   79238   
15065   76014   
45055   90578   
55412   59030   
96701   7835    
12852   43753   
79718   18604   
95190   47902   
34959   76219   
7437    52804   
13955   26214   
50157   3196    
83979   92646   
57498   80011   
70728   31194   
56183   58479   
2826    10863   
91103   5194    
61095   25257   
12871   73577   
99738   62342   
83979   92646   
83979   92646   
58628   94122   
71647   51501   
966     48812   
50342   29891   
47489   31939   
10992   62941   
52871   41714   
14778   92069   
40972   21633   
61095   25257   
12563   35222   
46724   94454   
6368    57280   
67836   28267   
63384   22968   
12871   73577   
13883   75318   
62914   27044   
74595   37669   
76831   80512   
45413   99591   
89849   73895   
82980   58346   
15065   76014   
9292    79433   
61095   25257   
87696   29831   
16896   81235   
81178   57339   
52871   41714   
5266    59727   
52646   11811   
23558   58348   
23651   156     
82731   14044   
67070   44423   
90605   32223   
62754   35567   
59093   39263   
82712   12998   
48891   84829   
70654   50701   
19694   61188   
71196   57540   
76925   42974   
40972   21633   
46470   24771   
39410   93708   
12367   55491   
58632   90325   
23713   61745   
61576   60054   
43771   13083   
31267   27930   
96945   31693   
58376   41651   
8664    5680    
55081   93503   
51039   92713   
18476   34115   
81178   57339   
9768    46869   
93196   77210   
65554   52395   
83979   92646   
83979   92646   
70012   61211   
44263   53933   
81825   68685   
15065   76014   
80948   82477   
50980   15284   
51968   26957   
98654   3017    
87255   76502   
99878   50272   
35460   39135   
34678   42117   
27404   9568    
22218   70567   
74595   37669   
76912   73067   
52134   81449   
43971   81599   
30134   91742   
97903   26392   
72838   2253    
15065   76014   
99625   32867   
63983   48679   
96769   74501   
85566   37402   
15065   76014   
20433   71723   
52607   10274   
97774   38348   
48891   84829   
88099   32721   
2643    10346   
52899   88896   
45619   80984   
41484   74801   
86773   19193   
85566   37402   
16597   74482   
72068   8015    
526     2354    
98415   20718   
71857   9285    
91103   5194    
37476   66026   
14778   92069   
80088   50843   
43918   98015   
97459   91099   
14778   92069   
83979   92646   
80914   26384   
40972   21633   
24975   85487   
9292    79433   
16570   9729    
76710   55779   
67909   5061    
77509   98221   
83979   92646   
19525   39128   
50980   15284   
82577   43432   
44263   53933   
56320   68341   
57553   88651   
52607   10274   
56009   77724   
1814    32874   
13569   59169   
28859   82203   
77581   83173   
88347   54831   
33832   91546   
21103   53517   
54512   3566    
27798   25631   
58088   27630   
94887   64104   
91601   31649   
23713   61745   
76658   80715   
74764   74018   
3077    93238   
85304   94857   
67070   44423   
52646   11811   
41128   16458   
15065   76014   
3818    92527   
54779   89760   
54511   85320   
4298    97628   
979     11589   
78848   88173   
86973   98374   
70178   41303   
45366   47075   
83979   92646   
96164   98540   
14507   35864   
61973   34149   
47489   31939   
51591   62247   
47817   51924   
4893    44018   
53806   34992   
32553   51683   
93434   66819   
38041   40812   
83016   14813   
89849   73895   
52871   41714   
88474   28684   
43864   34408   
6353    91977   
70714   25353   
4893    44018   
83294   95060   
33610   23358   
38670   7733    
26129   63360   
83214   11578   
94427   10709   
37152   3392    
15645   8339    
83979   92646   
46369   45065   
49920   77697   
27139   88999   
92611   28961   
8395    49617   
56538   45147   
91103   5194    
27954   33011   
1158    54789   
28023   16624   
74318   80979   
83979   92646   
43327   85492   
46829   58094   
58632   90325   
99625   32867   
15065   76014   
6353    91977   
3929    27543   
1892    62124   
5620    36579   
62131   94870   
59093   39263   
54696   95872   
59093   39263   
97681   36092   
57495   8630    
48891   84829   
65033   28550   
6353    91977   
84673   57079   
34184   3341    
603     87337   
24657   75828   
51699   2555    
85566   37402   
12367   55491   
12563   35222   
43971   81599   
31552   77611   
44256   57858   
54515   84850   
91237   37843   
44256   57858   
42465   96160   
61095   25257   
74051   90601   
25749   30291   
56361   46760   
19908   38110   
28903   34254   
98415   20718   
46369   45065   
63680   25915   
84673   57079   
5572    86395   
61206   57380   
85566   37402   
70012   61211   
91679   50583   
29243   51931   
26184   73885   
97932   32380   
82980   58346   
63254   9009    
11253   51661   
51968   26957   
5386    93326   
50604   48148   
61973   34149   
14233   53439   
67599   59978   
42972   31132   
75312   94979   
34959   76219   
21316   52570   
59093   39263   
37266   32594   
74007   86736   
774     74240   
25134   77105   
37127   56331   
25929   35380   
12871   73577   
92083   65564   
12367   55491   
45498   98093   
53295   96851   
66943   74898   
83979   92646   
80027   26626   
83979   92646   
61095   25257   
87255   76502   
98547   93522   
50535   13142   
15065   76014   
15036   59215   
8951    92790   
83979   92646   
22393   3998    
98654   3017    
91103   5194    
9292    79433   
26875   83494   
5006    16085   
49448   85526   
50440   14438   
99625   32867   
4808    40788   
75301   58698   
14778   92069   
38939   72159   
99625   32867   
96457   40384   
72733   84802   
99762   52528   
16635   27094   
83016   14813   
52227   29165   
50415   52261   
58632   90325   
42465   96160   
15065   76014   
88347   54831   
83979   92646   
58235   53123   
43971   81599   
83984   48821   
42716   26227   
99230   98467   
19907   30260   
83979   92646   
97932   32380   
92083   65564   
55846   20407   
65996   18775   
79718   18604   
59018   48926   
20699   61953   
15065   76014   
23580   98017   
10176   14598   
52871   41714   
95513   17117   
27441   49791   
11113   53100   
12038   87981   
26129   63360   
3883    33200   
68011   12498   
12367   55491   
38670   7733    
70654   50701   
23031   37792   
58427   23591   
46369   45065   
87255   76502   
26837   27815   
76115   90405   
19069   83281   
62630   63348   
83979   92646   
14101   77867   
46829   58094   
98526   38974   
83021   29041   
50415   52261   
89195   42448   
47786   31845   
63289   54771   
23067   62494   
28537   46720   
46369   45065   
80430   67604   
31869   89791   
41730   84871   
68940   68775   
26875   83494   
13929   57748   
7       2233    
41684   38849   
16506   68115   
67836   28267   
51699   2555    
26469   97098   
6454    103     
10824   17930   
3969    16585   
22121   51178   
98547   93522   
69139   10748   
77169   76221   
63179   46184   
93434   66819   
69492   64765   
46331   5731    
77085   5165    
966     48812   
68480   8107    
73758   99457   
40407   27808   
43864   34408   
7       2233    
83979   92646   
79142   63906   
80158   53068   
83979   92646   
69632   25688   
71656   81451   
91103   5194    
83979   92646   
2643    10346   
44113   13940   
23713   61745   
48017   78796   
12871   73577   
19377   94436   
87255   76502   
38674   81013   
32424   98686   
91957   88711   
15065   76014   
26383   43140   
25320   322     
64619   78178   
54980   67084   
9583    21765   
85566   37402   
83979   92646   
54779   89760   
65804   77563   
83979   92646   
87966   51624   
20822   32992   
67965   94402   
73149   23035   
6426    41291   
98415   20718   
83979   92646   
7790    20031   
59092   75908   
76690   74910   
59093   39263   
81825   68685   
89849   73895   
41506   44094   
88481   64100   
5650    66617   
87255   76502   
14871   44036   
29908   67012   
94673   79686   
52871   41714   
63384   22968   
52607   10274   
18011   67761   
19630   73353   
46369   45065   
6302    2676    
14778   92069   
47416   438     
89849   73895   
60155   38318   
6288    78129   
99410   39611   
99878   50272   
87255   76502   
97343   49662   
81541   16156   
34959   76219   
42465   96160   
83183   59503   
94673   79686   
80461   56121   
98415   20718   
99625   32867   
71396   36706   
6688    66871   
70213   51001   
18162   96189   
46516   50442   
13639   2527    
22143   88841   
738     22383   
32428   55598   
33      64101   
70654   50701   
40972   21633   
98533   14646   
37127   56331   
43327   85492   
64619   78178   
77581   83173   
59018   48926   
95067   58949   
94629   78914   
38943   67465   
17966   81243   
85805   31712   
86753   66894   
50980   15284   
32274   83006   
82980   58346   
21167   4509    
85848   65947   
85566   37402   
12871   73577   
77581   83173   
73394   55340   
40972   21633   
66396   26343   
43864   34408   
90826   15057   
58632   90325   
42465   96160   
34170   61185   
33203   93523   
18162   96189   
99961   62876   
9971    89351   
19908   38110   
54149   78558   
15065   76014   
93293   71489   
54325   29361   
40972   21633   
13709   60061   
47817   51924   
12276   47233   
87255   76502   
42111   8391    
16570   9729    
47817   51924   
94887   64104   
66241   73260   
57122   67168   
52871   41714   
84125   44370   
12879   37302   
50980   15284   
27798   25631   
15748   13090   
76423   34601   
51512   64538   
25      25713   
21858   7360    
59537   64596   
21316   52570   
6905    71387   
48891   84829   
26692   96845   
6905    71387   
65889   60366   
15065   76014   
15065   76014   
98415   20718   
909     60353   
738     22383   
15065   76014   
66241   73260   
49387   77130   
49387   77130   
32245   99365   
40972   21633   
42964   72294   
84125   44370   
83979   92646   
50479   98553   
97996   10138   
43739   45109   
85622   25351   
52871   41714   
61095   25257   
72746   54032   
34959   76219   
16469   76818   
59003   5206    
5572    86395   
22106   65568   
26880   5117    
97681   36092   
16846   36555   
15065   76014   
77581   83173   
55690   90375   
35672   99607   
83979   92646   
69551   77332   
38201   2096    
56382   83393   
68230   27125   
91103   5194    
61822   81573   
58427   23591   
93582   34673   
80840   38533   
79548   45929   
29376   48070   
91581   15011   
50415   52261   
97634   80976   
1690    53821   
59093   39263   
41730   84871   
95794   75678   
15065   76014   
90120   20260   
76304   96088   
15065   76014   
35688   81278   
50415   52261   
57142   84059   
63384   22968   
83979   92646   
62632   31534   
4065    44741   
16610   4149    
64619   78178   
3077    93238   
56516   42917   
81645   99768   
83979   92646   
38367   75386   
99024   60565   
35848   59391   
59266   19541   
37152   3392    
39970   71793   
20699   61953   
97014   2097    
76912   73067   
98013   3678    
47817   51924   
40972   21633   
74145   5241    
96231   85103   
77085   5165    
38268   84361   
91103   5194    
98526   38974   
98547   93522   
94856   62097   
46369   45065   
73208   21336   
61095   25257   
14236   47477   
80290   22689   
87255   76502   
46369   45065   
17717   62071   
23651   156     
27342   23729   
84716   19340   
46672   51719   
5688    16478   
86243   86502   
89849   73895   
14010   64642   
83979   92646   
13709   60061   
52871   41714   
24657   75828   
33437   85403   
95837   95290   
91103   5194    
83979   92646   
92104   82986   
6688    66871   
93293   71489   
34959   76219   
87731   88113   
53077   3623    
62090   79855   
61095   25257   
83979   92646   
50980   15284   
91103   5194    
50415   52261   
9768    46869   
21052   74928   
40972   21633   
9196    64283   
10812   85527   
15065   76014   
95794   75678   
39171   13931   
99575   50624   
56361   46760   
50578   57746   
24163   31480   
3238    72724   
50681   23326   
52871   41714   
78363   77042   
15004   96498   
33091   64113   
53605   16919   
17868   98852   
40972   21633   
91103   5194    