47070   48780   26601   16837   6094    
54948   78473   42756   57023   83616   
65589   92285   35396   60525   37986   
71059   80585   89703   74969   13807   
56863   49738   80755   19223   10279   
1062    67804   47447   73433   55450   
45361   93974   79240   19757   21500   
9566    3327    96092   16866   22397   
82553   29136   64755   85309   98128   
83005   109     23247   99312   23482   
37893   36164   95237   4667    94375   
1254    45899   55678   51328   48474   
38172   49052   16615   59777   33579   
44455   20407   73074   90569   68083   
36649   44330   6735    94836   7189    
56705   62685   56020   48504   77037   
69163   69182   70654   19426   60001   
57249   44954   46559   93810   14931   
94938   20160   33863   84296   39320   
62718   20558   42681   65550   21918   
36445   68561   71460   3100    27462   
42417   13972   13451   43114   39987   
88346   32278   22223   56331   7094    
15994   19258   43512   27949   71461   
35343   55044   81591   62214   3151    
90412   67264   83561   30221   45091   
78739   98166   16815   1082    73592   
68575   55840   51662   91760   62057   
12899   61177   42916   46220   97466   
14713   50033   35203   19151   50485   
78739   98166   16815   1082    73592   
82679   30307   83679   77688   54284   
33468   7989    10326   72062   29696   
42679   22284   17991   17807   2660    
33454   78370   7121    26330   29361   
47088   70308   42029   63573   59462   
34185   8120    35691   52826   134     
72029   90432   16678   72169   26553   
69652   67730   1665    70539   42973   
54964   36265   70828   1829    33466   
90122   51700   94260   47447   73601   
95956   52422   76947   30312   62982   
44490   95864   66302   17841   23170   
90122   51700   94260   47447   73601   
33317   59294   53714   40303   9663    
37107   57066   40455   49697   29964   
76847   7075    431     58755   35198   
92964   87017   48031   5363    89548   
31730   42069   74270   7102    59801   
20397   36378   30161   21471   59624   
19778   47920   80257   74074   60438   
47236   51310   85386   43168   92228   
26621   48217   2458    8285    89662   
94938   20160   33863   84296   39320   
14474   78091   84390   87624   37243   
86907   63205   97219   45410   56181   
37433   55294   18461   62903   42243   
42417   13972   13451   43114   39987   
26985   13500   81195   39473   78928   
42417   13972   13451   43114   39987   
92964   87017   48031   5363    89548   
80422   98636   79341   43036   28337   
11535   43480   36285   12083   77388   
93386   24634   41025   17601   81660   
81102   73139   50023   21699   1762    
35745   41317   1639    28983   31141   
15423   15943   85502   40018   91918   
90122   51700   94260   47447   73601   
31093   14589   2745    26691   41239   
58607   90380   88302   70282   99314   
15646   28544   48023   18219   60893   
11445   67976   50806   92120   35176   
40882   62457   30444   3533    80563   
14503   47650   96477   88767   56687   
91612   57850   2036    57189   3034    
92964   87017   48031   5363    89548   
54542   36458   20353   10487   2828    
5145    84532   11475   1876    8382    
46442   59956   12758   17038   2897    
67225   52042   71999   46380   89942   
14016   42881   57506   3977    81936   
60456   83462   5877    61395   41565   
77451   7862    17882   16822   95608   
47326   73610   69257   63373   50505   
19659   26710   40868   58013   9020    
62718   20558   42681   65550   21918   
62718   20558   42681   65550   21918   
77130   18603   46624   73235   67592   
88389   12410   36825   22367   58872   
58607   90380   88302   70282   99314   
85478   62277   56808   28516   73744   
20654   22601   43595   29190   82503   
78020   71704   48292   36064   22007   
53632   19196   22641   44466   92491   
30774   52077   50283   98599   60258   
37105   30968   77867   53364   31245   
88261   114     70681   50045   73878   
23515   19157   99903   6269    60841   
68639   23182   64590   73860   69851   
59417   40166   37007   82224   2717    
38437   85003   70324   67844   67245   
25697   48284   1001    80645   31794   
90122   51700   94260   47447   73601   
90122   51700   94260   47447   73601   
5517    68226   70271   40770   76734   
574     32662   5934    48355   95444   
56274   92154   82592   34339   41341   
89251   92130   91895   6568    20233   
74273   48409   42726   51406   7047    
2164    86663   20603   71622   36299   
63129   67403   58519   63044   84897   
92780   152     40357   85121   55717   
11429   65002   91761   51192   93115   
43378   66329   40702   94201   42089   
16700   90562   27115   31587   60535   
50636   92570   12795   10689   83540   
9566    3327    96092   16866   22397   
19659   26710   40868   58013   9020    
69896   5171    94981   41936   29276   
21364   79459   92219   79145   88661   
21775   83893   54135   25203   51091   
90122   51700   94260   47447   73601   
92278   9302    61733   8054    67096   
80976   96266   37786   18903   96697   
1528    72772   34952   55434   50806   
90122   51700   94260   47447   73601   
39417   23113   95340   21672   11880   
46007   41363   17910   88679   96292   
75583   50885   43590   63641   19215   
98696   70847   51117   73496   23092   
6085    92750   15611   76211   12756   
18700   74846   76926   32236   36345   
73682   84510   96698   5702    6500    
27143   17958   38674   26596   43378   
67094   93426   98785   27342   84475   
6915    64027   75440   60613   21586   
59214   85446   44940   96865   15700   
17773   32346   18337   79088   32989   
90122   51700   94260   47447   73601   
37350   38103   55212   8439    76225   
45227   60185   75204   14609   29128   
1528    72772   34952   55434   50806   
52793   80700   82481   11344   36326   
15035   56029   27585   30109   52670   
39923   71601   17647   47889   647     
3763    8499    95865   40386   2019    
5181    3959    48294   83840   18922   
54542   36458   20353   10487   2828    
74273   48409   42726   51406   7047    
23130   88666   37324   47298   99048   
760     50375   35328   31865   84011   
85519   10667   80875   50206   96165   
53632   19196   22641   44466   92491   
78739   98166   16815   1082    73592   
9867    82455   64281   12807   67909   
33747   72603   71818   28367   48400   
74933   65052   61480   58714   29895   
66937   18041   29913   64431   98998   
91889   24367   27336   16266   59556   
45385   84852   52074   1957    15982   
31817   51251   19819   23694   79314   
86159   58121   36836   61660   94733   
53327   78043   52354   99744   58341   
92964   87017   48031   5363    89548   
16700   90562   27115   31587   60535   
14016   42881   57506   3977    81936   
55227   39875   57511   95080   75922   
6800    53402   86695   75594   69876   
92964   87017   48031   5363    89548   
56451   56482   84154   73339   88262   
63028   3937    62642   98043   75641   
43378   66329   40702   94201   42089   
9566    3327    96092   16866   22397   
62884   87113   98210   67517   68190   
77776   6707    32999   9774    66596   
574     32662   5934    48355   95444   
40777   16841   18130   43478   29084   
24830   47034   78238   22585   19399   
38604   41941   4080    59422   94638   
85551   45755   89679   5572    78220   
48827   64795   9564    32107   38419   
58778   2104    39306   76587   15491   
37433   55294   18461   62903   42243   
60125   68483   57725   22759   66824   
74572   96582   53240   65207   77046   
92964   87017   48031   5363    89548   
6666    75698   21558   1374    9494    
14166   24307   15148   81938   83851   
71596   88135   94728   60177   41017   
89453   42358   27939   49190   75429   
3776    42882   17137   63899   83094   
89719   56454   71988   76879   31751   
43378   66329   40702   94201   42089   
99324   66517   86786   25448   82612   
18180   34968   39261   35369   19698   
59465   50292   48654   91018   43779   
37350   38103   55212   8439    76225   
95619   9541    70280   95684   69036   
12899   61177   42916   46220   97466   
14713   50033   35203   19151   50485   
57206   25699   88767   84504   47673   
98726   8229    6189    39615   62123   
94795   97913   30599   41726   65713   
85805   95652   97169   90186   74958   
58844   21805   31867   62407   55957   
14713   50033   35203   19151   50485   
52408   14854   41649   97753   94531   
62718   20558   42681   65550   21918   
52331   20132   97643   81447   25557   
99226   71261   24527   22371   33748   
44216   53301   85117   62426   20337   
97199   44000   54674   62103   37096   
16079   57097   64471   98630   34522   
91889   24367   27336   16266   59556   
31861   84678   82097   87580   46136   
14713   50033   35203   19151   50485   
67975   82656   61249   43756   11983   
71596   88135   94728   60177   41017   
81649   65618   9       9612    97084   
24681   21011   15399   7614    16517   
90603   6148    6043    95980   2941    
11021   63035   38292   52452   7626    
14972   5876    59700   56197   59280   
92964   87017   48031   5363    89548   
63232   9621    91429   28318   89022   
45838   48498   99448   35576   31270   
90412   67264   83561   30221   45091   
1712    93910   35511   74200   17170   
97008   36536   73282   62286   21947   
34219   52882   34992   600     99393   
18534   6505    76360   90980   27584   
90087   12572   34627   48083   58346   
36864   81740   80768   39934   95095   
43378   66329   40702   94201   42089   
73791   13897   10616   76457   41232   
35190   75042   38921   88408   73555   
57084   49301   26197   48154   72980   
39417   23113   95340   21672   11880   
11429   65002   91761   51192   93115   
78739   98166   16815   1082    73592   
2869    70198   41633   17766   78919   
49029   53169   17987   92514   95671   
64329   37315   6829    18134   63466   
81561   80127   18770   80637   13405   
2164    86663   20603   71622   36299   
45400   16079   3339    59280   755     
14707   99480   97543   34764   29750   
84348   45737   75892   9327    95747   
94938   20160   33863   84296   39320   
47294   78394   18856   672     79696   
48550   95613   69566   65560   79310   
8000    37161   99      67064   19032   
65911   48807   73559   78032   16783   
63934   69087   26054   59955   75410   
17919   10870   53625   38178   82464   
10526   2022    72051   26067   27822   
54542   36458   20353   10487   2828    
31730   42069   74270   7102    59801   
26621   48217   2458    8285    89662   
8000    37161   99      67064   19032   
7365    24795   90311   63777   23321   
30835   84872   73710   72219   23027   
14713   50033   35203   19151   50485   
44242   38949   12617   45725   72636   
63934   69087   26054   59955   75410   
58461   96733   84786   84024   28557   
71596   88135   94728   60177   41017   
7948    58109   53598   42978   38072   
2988    5756    45632   69600   52592   
92964   87017   48031   5363    89548   
56851   92776   26082   71646   32723   
26082   64597   64070   39690   55204   
39417   23113   95340   21672   11880   
51010   30472   27959   73300   60603   
36976   40227   88422   55845   82520   
19659   26710   40868   58013   9020    
17773   32346   18337   79088   32989   
8100    98371   74128   17170   59646   
51259   23218   80481   2380    22320   
14713   50033   35203   19151   50485   
31164   87993   39179   34496   34837   
37621   29817   65427   22604   22936   
74325   31706   40486   84722   87680   
39761   4873    44513   24874   1101    
14713   50033   35203   19151   50485   
66990   82486   42355   5941    17137   
76026   80177   39228   24355   86502   
20701   27350   40636   83690   91544   
46558   22188   62882   55928   61578   
54542   36458   20353   10487   2828    
40882   62457   30444   3533    80563   
62718   20558   42681   65550   21918   
39417   23113   95340   21672   11880   
57238   92955   54571   6727    92394   
53327   78043   52354   99744   58341   
29013   46209   55539   72438   70319   
8401    67283   13712   20041   55504   
17597   36907   81263   48833   92516   
57357   68900   49716   57283   78468   
24681   21011   15399   7614    16517   
29074   9572    58540   93688   45004   
18862   58904   51634   7473    94648   
23338   90878   50856   27749   87098   
89453   42358   27939   49190   75429   
15928   70363   72007   48817   30032   
52812   1882    3393    87882   99989   
37107   57066   40455   49697   29964   
32689   19756   9505    62123   16170   
76847   7075    431     58755   35198   
14713   50033   35203   19151   50485   
63678   88977   48042   34938   19846   
54152   35069   62330   22384   92223   
65513   6336    22550   34962   67971   
32614   43406   80269   98520   62288   
92964   87017   48031   5363    89548   
90122   51700   94260   47447   73601   
2036    28678   52650   48768   29319   
56276   37645   45898   37575   28414   
53327   78043   52354   99744   58341   
28697   99118   58747   26288   68630   
22801   29034   17455   78598   30314   
37350   38103   55212   8439    76225   
1254    45899   55678   51328   48474   
90122   51700   94260   47447   73601   
13187   62494   56785   32420   26917   
14713   50033   35203   19151   50485   
7577    75889   82711   57771   22132   
21138   46458   47160   21658   58232   
56705   62685   56020   48504   77037   
90122   51700   94260   47447   73601   
65513   6336    22550   34962   67971   
37893   36164   95237   4667    94375   
38336   52587   95354   72313   24729   
87712   3524    70446   68320   86176   
73543   44111   30765   21113   62302   
97068   62150   84937   30693   83458   
9566    3327    96092   16866   22397   
3667    59933   8182    81377   10967   
56470   69212   12240   31676   97228   
68384   5241    93569   94999   88545   
71596   88135   94728   60177   41017   
70033   18543   23344   47610   37272   
21138   46458   47160   21658   58232   
94626   20363   42      33355   97424   
39417   23113   95340   21672   11880   
68667   29351   21412   19015   45225   
17464   71978   15863   4135    72376   
71596   88135   94728   60177   41017   
86695   26348   70437   225     45036   
37950   85963   24521   61263   20421   
19659   26710   40868   58013   9020    
26320   48069   95171   45119   83584   
90122   51700   94260   47447   73601   
12313   29714   39440   34924   37879   
16700   90562   27115   31587   60535   
86695   26348   70437   225     45036   
66211   30152   90019   69295   31019   
77069   43307   92358   28438   13597   
3880    33972   41260   59101   72315   
7577    75889   82711   57771   22132   
37179   46360   47766   42625   17604   
12551   389     34498   7402    23077   
82820   20156   52928   8560    28346   
51738   13461   925     84448   5821    
66211   30152   90019   69295   31019   
36445   68561   71460   3100    27462   
54948   78473   42756   57023   83616   
40509   46190   7712    39418   31879   
81333   66164   41531   41991   76989   
9566    3327    96092   16866   22397   
5941    51015   7283    8223    42236   
88324   74852   24584   33645   73225   
68456   63429   82380   52413   4560    
11021   63035   38292   52452   7626    
97268   434     70863   46758   18753   
71596   88135   94728   60177   41017   
38604   41941   4080    59422   94638   
36864   81740   80768   39934   95095   
85866   43555   37268   36818   78953   
67094   93426   98785   27342   84475   
20950   17041   71684   23119   70458   
55272   45285   98983   28598   59529   
62518   46572   67711   16082   15810   
86107   83678   31574   3344    74670   
3900    44974   48969   74567   58715   
98696   70847   51117   73496   23092   
43803   38321   64635   87285   87165   
52971   83513   38419   12722   13958   
32228   30299   28956   22994   17724   
21061   45936   21689   41283   24036   
52277   98073   1083    70549   97456   
26007   33727   87077   68445   62601   
66937   18041   29913   64431   98998   
39417   23113   95340   21672   11880   
73230   56259   85233   54447   90175   
85866   43555   37268   36818   78953   
37950   85963   24521   61263   20421   
47088   70308   42029   63573   59462   
56863   49738   80755   19223   10279   
64037   59980   37163   6136    2635    
68394   8560    10494   13686   60609   
16700   90562   27115   31587   60535   
65735   55673   10430   19963   59273   
86907   63205   97219   45410   56181   
71978   9296    83578   43291   55377   
10585   96399   48105   92846   90186   
6349    80817   49592   61989   13129   
6800    53402   86695   75594   69876   
19163   56850   29983   75173   73593   
32959   26971   98580   51579   68403   
25690   7270    93954   59763   39449   
46558   22188   62882   55928   61578   
85334   76982   55285   37162   90783   
48846   79244   226     12962   67727   
97008   36536   73282   62286   21947   
65070   38939   42082   71227   13262   
36728   17727   58158   40066   64740   
461     56554   6536    86306   94707   
24018   75008   53202   74963   17919   
9752    40213   31784   55798   23460   
77885   1339    53561   91583   41781   
74325   31706   40486   84722   87680   
26076   76810   94053   36060   94897   
46205   57240   93713   64497   30848   
53632   19196   22641   44466   92491   
87997   47315   90737   96429   68397   
97337   26328   28418   75309   61756   
71596   88135   94728   60177   41017   
97733   96728   88889   9130    17253   
63934   69087   26054   59955   75410   
297     1127    29151   21857   66830   
68667   29351   21412   19015   45225   
29494   62947   21382   68771   47185   
14166   24307   15148   81938   83851   
53632   19196   22641   44466   92491   
12203   39106   88092   44844   7868    
24445   70432   78362   48254   64705   
14713   50033   35203   19151   50485   
71596   88135   94728   60177   41017   
86672   70915   71169   31059   48610   
98671   19318   29946   10072   7307    
70247   11039   68167   44599   67552   
31495   15621   29237   91003   5545    
59051   11885   16689   4180    99179   
4120    3663    22387   45021   47670   
56201   62458   63221   58826   68571   
63928   18540   26946   38252   11353   
57284   97981   55351   59123   76444   
65589   92285   35396   60525   37986   
66348   1930    92942   50525   82305   
15758   6518    10028   66398   30976   
81444   20860   20740   52868   48734   
78141   48294   1772    8529    21305   
43378   66329   40702   94201   42089   
59987   85792   95070   78064   5721    
42417   13972   13451   43114   39987   
91008   80347   7376    93055   56544   
93574   82797   41020   18473   68868   
16195   69405   42401   76531   87956   
29444   54630   142     24615   64497   
85805   95652   97169   90186   74958   
44738   28533   29700   20942   47807   
80216   34737   44080   63857   67418   
24018   75008   53202   74963   17919   
39417   23113   95340   21672   11880   
62718   20558   42681   65550   21918   
32821   62151   73578   34539   39657   
21163   99815   95254   81010   44899   
52324   32771   86347   12872   91069   
88346   32278   22223   56331   7094    
19659   26710   40868   58013   9020    
89888   26918   13095   9680    91151   
27273   29438   84120   35251   21143   
34964   56961   32212   1731    51575   
54235   25746   30309   19903   6836    
54314   79212   93543   3813    92845   
28883   69962   5513    92546   63031   
92964   87017   48031   5363    89548   
82150   85905   71045   40447   48211   
4166    86415   28443   12294   45686   
92964   87017   48031   5363    89548   
93707   18652   54758   85427   70612   
4459    54565   37392   96005   23733   
93398   41586   51383   84348   27045   
71596   88135   94728   60177   41017   
11049   61606   84414   94318   30325   
3628    24502   89884   92318   48143   
70247   11039   68167   44599   67552   
53632   19196   22641   44466   92491   
13048   3726    4244    65786   76183   
14922   76633   6538    74931   74739   
92964   87017   48031   5363    89548   
69163   69182   70654   19426   60001   
44455   20407   73074   90569   68083   
92964   87017   48031   5363    89548   
27143   17958   38674   26596   43378   
88686   32530   8755    45018   89779   
50191   76933   96531   58971   14181   
64550   2013    71564   11079   32344   
90453   70698   54174   49558   33733   
11927   9827    19702   69754   15007   
90122   51700   94260   47447   73601   
24729   26844   89258   8185    73918   
70016   80404   7936    82431   29054   
5602    5248    44255   78855   48249   
22060   6300    70365   70107   6071    
94938   20160   33863   84296   39320   
86413   86524   65363   3355    93909   
77776   6707    32999   9774    66596   
96959   29584   49916   1260    31537   
41939   22065   7685    6398    21921   
92964   87017   48031   5363    89548   
95057   34239   57421   71401   97551   
11445   67976   50806   92120   35176   
89888   26918   13095   9680    91151   
46558   22188   62882   55928   61578   
74011   4207    9662    48905   52362   
38051   98947   5032    72382   6431    
45643   97670   63624   55878   78548   
74081   63759   10372   56459   8668    
14404   32069   31971   91102   84421   
56210   50075   71392   73991   78284   
73884   52093   54539   13180   71241   
58208   17117   42741   72327   71127   
2240    50880   71202   95302   68217   
88699   80344   68271   43917   1040    
14167   256     48249   20232   23474   
49834   71199   42391   16046   452     
11927   9827    19702   69754   15007   
11535   43480   36285   12083   77388   
16314   15375   16865   18571   70286   
90122   51700   94260   47447   73601   
51034   88576   67401   14310   67339   
71596   88135   94728   60177   41017   
18113   99561   6664    19444   51984   
3875    99456   9790    3194    14325   
8406    53543   98336   13050   4410    
54542   36458   20353   10487   2828    
93971   98120   89784   75097   20788   
79019   99915   45838   21945   72140   
13600   95939   72296   65123   54875   
19659   26710   40868   58013   9020    
67067   27872   65749   51832   49353   
3       10531   86675   24494   81538   
89251   92130   91895   6568    20233   
92964   87017   48031   5363    89548   
54542   36458   20353   10487   2828    
47088   70308   42029   63573   59462   
68153   32183   49176   80432   61258   
3773    12064   48606   27886   62750   
87757   1785    47667   93258   16668   
53327   78043   52354   99744   58341   
73898   25931   45699   39954   7938    
6015    35049   35977   74667   19036   
30289   10762   10843   24420   31516   
88711   96376   5470    18587   928     
29930   68644   65236   44248   40600   
6878    10031   99141   35697   80020   
13095   7549    95681   77423   46065   
67973   69023   62533   36532   59304   
68485   14463   25922   15042   12735   
83005   109     23247   99312   23482   
35515   45113   15167   69879   20894   
42417   13972   13451   43114   39987   
97031   90688   49384   40037   36843   
67572   31671   95275   2301    4026    
90122   51700   94260   47447   73601   
52812   1882    3393    87882   99989   
70897   80262   87873   34484   67873   
87260   38734   28914   15871   5632    
67477   95908   10799   39818   70313   
90122   51700   94260   47447   73601   
30712   87826   74307   99350   52489   
92210   9858    39792   49945   45556   
65513   6336    22550   34962   67971   
54948   78473   42756   57023   83616   
81848   89931   9078    78467   37977   
94795   97913   30599   41726   65713   
6775    97050   88678   52987   83512   
52965   41938   77738   68230   53871   
80736   28629   62345   90152   81485   
38604   41941   4080    59422   94638   
52145   9680    56472   29421   70860   
56276   37645   45898   37575   28414   
98524   86559   76717   70711   16213   
29066   69600   61988   83264   55345   
40882   62457   30444   3533    80563   
65513   6336    22550   34962   67971   
8975    56230   86886   26329   66307   
20363   75028   98087   16989   32730   
46755   50320   58133   1318    15400   
99956   92447   50479   91840   66444   
50768   50586   47301   46403   13843   
57249   44954   46559   93810   14931   
78739   98166   16815   1082    73592   
69602   5874    88834   67161   33174   
72047   41044   8199    14952   49209   
74081   63759   10372   56459   8668    
24967   82078   68032   41449   32053   
70164   33721   92645   12860   89268   
73000   40678   20270   40729   55309   
82679   30307   83679   77688   54284   
58208   17117   42741   72327   71127   
90080   72016   70630   29562   9079    
79377   51036   71445   53009   19318   
59276   31234   57411   49541   22333   
38051   98947   5032    72382   6431    
94795   97913   30599   41726   65713   
35092   71436   81866   41593   73617   
82150   85905   71045   40447   48211   
9867    82455   64281   12807   67909   
28883   69962   5513    92546   63031   
19123   72832   30436   51269   9929    
88711   96376   5470    18587   928     
63906   20292   76381   19438   17693   
21161   93345   8966    89242   8092    
10739   62075   87557   43904   71559   
8879    39033   60619   9510    88356   
95057   34239   57421   71401   97551   
76690   58467   80034   85773   20757   
15646   28544   48023   18219   60893   
79471   12554   19378   56173   69877   
64389   36471   96265   61323   88483   
64555   60628   63399   10719   22079   
13139   17314   37220   41985   56787   
88346   32278   22223   56331   7094    
42928   52347   98216   44762   25171   
23534   24190   89689   6214    52586   
76972   89796   84343   56174   64214   
94833   92778   22400   3835    87594   
54542   36458   20353   10487   2828    
90966   47668   41928   181     75856   
20363   75028   98087   16989   32730   
40453   86633   79580   53445   78525   
40882   62457   30444   3533    80563   
62643   68896   1077    66380   98923   
59063   51637   99939   72080   36914   
39417   23113   95340   21672   11880   
17597   36907   81263   48833   92516   
19652   52752   68044   7046    84276   
47754   38231   20942   27543   10146   
37283   82755   42317   35512   54482   
16780   24031   89669   69648   29473   
40882   62457   30444   3533    80563   
60194   17712   99238   19813   3947    
94602   65140   13343   74803   46200   
16358   26976   7030    85788   56438   
82217   37809   86178   86676   44477   
17464   71978   15863   4135    72376   
39417   23113   95340   21672   11880   
42417   13972   13451   43114   39987   
23130   88666   37324   47298   99048   
39417   23113   95340   21672   11880   
77069   43307   92358   28438   13597   
5083    60459   6218    80445   91415   
44367   19276   87982   91599   10299   
95675   41837   68886   5815    84901   
97008   36536   73282   62286   21947   
51034   88576   67401   14310   67339   
80736   28629   62345   90152   81485   
82544   47079   81629   75158   94367   
73686   12343   81278   41980   94482   
4347    34995   94387   84942   6412    
90122   51700   94260   47447   73601   
8480    17772   64804   24300   79821   
83738   31841   83095   98840   30665   
48498   85631   55923   3865    74641   
32689   19756   9505    62123   16170   
14713   50033   35203   19151   50485   
14713   50033   35203   19151   50485   
79664   33323   13282   36733   63151   
53635   57320   53924   18640   57325   
3628    24502   89884   92318   48143   
61443   73443   3511    10267   9823    
6666    75698   21558   1374    9494    
6085    92750   15611   76211   12756   
19044   44426   1004    14262   33395   
68998   30962   87784   60772   12422   
84645   43059   47045   66248   71950   
46558   22188   62882   55928   61578   
16232   19837   76969   61671   31903   
11445   67976   50806   92120   35176   
574     32662   5934    48355   95444   
44100   3838    81890   41764   60090   
43623   6535    97631   39126   99574   
73715   48596   70236   30216   9644    
65851   65501   90377   86937   32095   
98696   70847   51117   73496   23092   
49834   71199   42391   16046   452     
20363   75028   98087   16989   32730   
74325   31706   40486   84722   87680   
42977   1496    58386   84027   83803   
47504   54701   22526   68095   29896   
46218   10086   6107    91451   504     
42335   6615    11099   73981   13714   
2558    5349    98471   9050    77118   
20363   75028   98087   16989   32730   
6800    53402   86695   75594   69876   
14713   50033   35203   19151   50485   
6782    39232   64499   44261   93032   
14320   17049   75484   88514   51539   
40882   62457   30444   3533    80563   
92964   87017   48031   5363    89548   
54542   36458   20353   10487   2828    
92780   152     40357   85121   55717   
46558   22188   62882   55928   61578   
80319   50347   53626   8233    83661   
88937   41182   4236    85748   25553   
9721    62364   81159   82060   54762   
71596   88135   94728   60177   41017   
87997   47315   90737   96429   68397   
16700   90562   27115   31587   60535   
15928   70363   72007   48817   30032   
88346   32278   22223   56331   7094    
60456   83462   5877    61395   41565   
54152   35069   62330   22384   92223   
86100   97832   9257    38920   76815   
7948    58109   53598   42978   38072   
61559   35487   58659   85356   81205   
43766   67199   57218   5726    15248   
79664   33323   13282   36733   63151   
52331   20132   97643   81447   25557   
23397   57886   95524   71059   20885   
94223   55676   39294   45899   33002   
19943   65154   63114   442     9422    
1528    72772   34952   55434   50806   
84519   6288    24158   22474   80963   
36985   54107   16989   50765   81547   
51731   74665   27246   37421   44172   
14476   98074   90229   51250   56074   
37107   57066   40455   49697   29964   
24190   6253    34544   64370   46014   
13006   6303    86048   66051   10535   
68639   23182   64590   73860   69851   
65735   55673   10430   19963   59273   
62836   25639   78324   22246   29475   
7646    36586   55167   64893   69502   
38051   98947   5032    72382   6431    
5145    84532   11475   1876    8382    
94833   92778   22400   3835    87594   
89197   1108    77925   35761   45071   
6800    53402   86695   75594   69876   
40882   62457   30444   3533    80563   
1218    25832   99911   39149   68098   
46152   62210   45196   58720   42251   
19950   50510   38000   21743   8448    
55639   66730   8283    46690   42654   
3667    59933   8182    81377   10967   
68930   41989   73516   44874   70846   
4166    86415   28443   12294   45686   
73379   96994   75521   36865   13606   
54588   40560   89967   9216    94412   
56474   44911   56181   81419   35038   
23182   18579   35331   37345   73246   
40359   66223   35537   9530    51789   
73543   44111   30765   21113   62302   
64283   67592   95737   75530   4618    
8401    67283   13712   20041   55504   
92922   67131   67013   65321   80097   
74273   48409   42726   51406   7047    
85398   1351    6109    61177   82341   
90122   51700   94260   47447   73601   
61301   2680    98932   29894   3579    
66937   18041   29913   64431   98998   
14713   50033   35203   19151   50485   
33747   72603   71818   28367   48400   
54152   35069   62330   22384   92223   
65607   24449   66425   84545   10586   
98696   70847   51117   73496   23092   
92964   87017   48031   5363    89548   
60151   92660   39435   13495   14823   
82544   47079   81629   75158   94367   
63934   69087   26054   59955   75410   
94780   59257   7059    8994    92031   
52331   20132   97643   81447   25557   
53632   19196   22641   44466   92491   
85478   62277   56808   28516   73744   
22508   95358   24376   20546   67480   
16700   90562   27115   31587   60535   
11638   63602   14484   9816    90411   
93070   54797   63289   15417   75936   
86907   63205   97219   45410   56181   
31008   30105   57425   81816   17492   
89453   42358   27939   49190   75429   
53190   23194   27417   53139   75836   
52277   98073   1083    70549   97456   
92631   56376   33736   98652   75245   
20395   47483   15083   81683   77112   
2796    8255    85389   50548   96404   
23183   32794   62219   42574   81713   
3628    24502   89884   92318   48143   
6800    53402   86695   75594   69876   
53632   19196   22641   44466   92491   
45322   50552   81170   193     85631   
39417   23113   95340   21672   11880   
92964   87017   48031   5363    89548   
55727   19768   95598   7013    20892   
30975   43835   82081   83303   80314   
34271   66525   40230   2712    30035   
12806   16058   63725   92130   81928   
74325   31706   40486   84722   87680   
30289   10762   10843   24420   31516   
40882   62457   30444   3533    80563   
11927   9827    19702   69754   15007   
7655    89131   86193   39604   112     
76429   56001   54119   82360   78868   
40777   16841   18130   43478   29084   
68153   32183   49176   80432   61258   
17773   32346   18337   79088   32989   
351     16496   23018   4666    69569   
75519   702     41797   10143   25897   
78020   71704   48292   36064   22007   
43378   66329   40702   94201   42089   
69992   68456   13258   82662   73489   
81848   89931   9078    78467   37977   
90122   51700   94260   47447   73601   
27650   38378   916     80661   25359   
19778   47920   80257   74074   60438   
65380   14224   49507   85582   33452   
76847   7075    431     58755   35198   
80069   40990   70909   6964    329     
28202   9793    40729   39971   52715   
14713   50033   35203   19151   50485   
86907   63205   97219   45410   56181   
23277   20466   15190   3756    56345   
58569   31802   86388   19862   97703   
93768   52314   34951   85703   4350    
31154   73004   70298   31909   92272   
33317   59294   53714   40303   9663    
10739   62075   87557   43904   71559   
90122   51700   94260   47447   73601   
39907   33242   52809   43159   12374   
54542   36458   20353   10487   2828    
6775    97050   88678   52987   83512   
14166   24307   15148   81938   83851   
21061   45936   21689   41283   24036   
80368   96949   4648    67600   75829   
9979    53244   79343   52278   54005   
83005   109     23247   99312   23482   
56470   69212   12240   31676   97228   
40453   86633   79580   53445   78525   
87837   25204   93737   58521   12856   
93676   68095   41036   86278   74453   
6451    58060   93229   9053    45121   
11445   67976   50806   92120   35176   
55394   77320   33195   40247   99984   
3759    20517   50170   13703   22500   
16125   66310   81331   15066   18027   
19852   77242   19030   92522   75176   
68456   63429   82380   52413   4560    
21511   18391   77740   50859   88189   
57041   54267   95550   55531   22925   
17919   10870   53625   38178   82464   
85231   55284   12475   94074   21211   
28319   34906   70910   67811   66593   
24197   98389   23586   77000   9942    
45361   93974   79240   19757   21500   
70250   94257   73688   97436   5334    
95619   9541    70280   95684   69036   
42417   13972   13451   43114   39987   
39683   1921    10054   33699   91970   
40979   97951   1414    79361   67235   
64037   59980   37163   6136    2635    
53768   67554   33462   52998   86234   
15758   6518    10028   66398   30976   
8182    89421   64609   83368   46331   
94795   97913   30599   41726   65713   
74325   31706   40486   84722   87680   
56160   78559   54262   17309   60374   
97008   36536   73282   62286   21947   
68456   63429   82380   52413   4560    
26429   72321   556     1475    88602   
76847   7075    431     58755   35198   
53327   78043   52354   99744   58341   
17464   71978   15863   4135    72376   
14713   50033   35203   19151   50485   
90122   51700   94260   47447   73601   
49831   39719   89864   50969   17875   
86695   26348   70437   225     45036   
88346   32278   22223   56331   7094    
11188   34350   128     6190    33419   
98349   56921   67366   22377   80559   
9566    3327    96092   16866   22397   
98349   56921   67366   22377   80559   
47326   73610   69257   63373   50505   
20975   92888   11707   31674   84438   
40882   62457   30444   3533    80563   
84645   43059   47045   66248   71950   
71596   88135   94728   60177   41017   
92964   87017   48031   5363    89548   
44323   14916   24201   46327   90307   
18700   74846   76926   32236   36345   
17446   84140   13639   96091   5917    
74292   57661   16739   46034   18519   
79377   51036   71445   53009   19318   
76938   33478   62296   66377   38382   
70923   11324   54624   14258   9910    
14713   50033   35203   19151   50485   
61443   73443   3511    10267   9823    
3892    13672   906     65572   92611   
92964   87017   48031   5363    89548   
82685   2591    49860   24153   44638   
11429   65002   91761   51192   93115   
3880    33972   41260   59101   72315   
7741    83947   58598   5367    50493   
34797   77877   26580   63794   76226   
96003   19394   13298   63260   67432   
90412   67264   83561   30221   45091   
50268   54348   95046   61523   61630   
87666   65843   30615   58794   24957   
24445   70432   78362   48254   64705   
79342   31777   6226    52745   39706   
39433   64148   85906   50986   7649    
91612   57850   2036    57189   3034    
45838   48498   99448   35576   31270   
17919   10870   53625   38178   82464   
92964   87017   48031   5363    89548   
48550   95613   69566   65560   79310   
29066   69600   61988   83264   55345   
34599   60750   31276   28854   8024    
56160   78559   54262   17309   60374   
90412   67264   83561   30221   45091   
90122   51700   94260   47447   73601   
67325   71992   53043   49289   19995   
5207    24240   52725   72907   47362   
12313   29714   39440   34924   37879   
42417   13972   13451   43114   39987   
16700   90562   27115   31587   60535   
63963   67577   48282   20331   35114   
92434   98376   74383   69872   74624   
86907   63205   97219   45410   56181   
92964   87017   48031   5363    89548   
84965   96727   99737   28308   5853    
70923   11324   54624   14258   9910    
62818   77436   98642   93014   73716   
20454   53694   48473   50962   87277   
38588   55066   80228   30493   99021   
37179   46360   47766   42625   17604   
39314   1015    28456   86994   40236   
59501   12957   96376   6634    17487   
70348   87842   50574   28004   44227   
46560   88720   33535   28358   41218   
73351   4851    65178   33054   87675   
31861   84678   82097   87580   46136   
6402    16012   92757   56855   27768   
74273   48409   42726   51406   7047    
59214   85446   44940   96865   15700   
14713   50033   35203   19151   50485   
67344   70571   74437   24121   49023   
96944   18390   92978   46647   49496   
32580   63779   90256   77946   19380   
73884   52093   54539   13180   71241   
32689   19756   9505    62123   16170   
44181   91870   85112   6700    73036   
66107   51119   77506   86011   6203    
90534   71751   27846   98195   35732   
77899   91854   47626   68697   13918   
89453   42358   27939   49190   75429   
26429   72321   556     1475    88602   
41585   59563   18097   61879   26260   
23130   88666   37324   47298   99048   
8467    55808   56186   32981   65632   
10739   62075   87557   43904   71559   
77575   76345   86480   25281   80581   
63906   20292   76381   19438   17693   
7426    75728   35447   97464   67015   
64329   37315   6829    18134   63466   
39417   23113   95340   21672   11880   
21364   79459   92219   79145   88661   
90122   51700   94260   47447   73601   
69163   69182   70654   19426   60001   
40777   16841   18130   43478   29084   
51034   88576   67401   14310   67339   
40927   29162   62485   49972   6334    
23130   88666   37324   47298   99048   
24445   70432   78362   48254   64705   
34413   85417   72282   69972   89118   
39417   23113   95340   21672   11880   
61301   2680    98932   29894   3579    
93707   18652   54758   85427   70612   
85805   95652   97169   90186   74958   
90122   51700   94260   47447   73601   
90122   51700   94260   47447   73601   
82679   30307   83679   77688   54284   
8436    5003    1862    64132   62333   
14713   50033   35203   19151   50485   
10739   62075   87557   43904   71559   
2558    5349    98471   9050    77118   
86107   83678   31574   3344    74670   
5887    9569    3452    63697   29138   
94626   20363   42      33355   97424   
69992   68456   13258   82662   73489   
14320   17049   75484   88514   51539   
37398   51778   94730   12609   55719   
68456   63429   82380   52413   4560    
57299   2327    12974   38011   895     
90122   51700   94260   47447   73601   
24796   18046   11982   63768   53088   
16050   1619    73593   8329    74631   
92116   67875   24507   54067   79245   